sample	formation	log_height	Ag	Al	As	Ba	Be	Bi	Ca	Cd	Ce	Co	Cr	Cs	Cu	Dy	Er	Eu	Fe	Ga	Gd	Ge	Hf	Ho	In	K	La	Li	Lu	Mg	Mn	Mo	Na	Nb	Nd	Ni	P	Pb	Pr	Rb	Re	S	Sb	Sc	Se	Sm	Sn	Sr	Ta	Tb	Te	Th	Ti	Tl	Tm	U	V	W	Y	Yb	Zn	Zr
Lu 23-01	Kapp Starostin Fm.	-41.51		3.41	6.1	214	1	0.1	3.75		41	4	91	5.35	8	2.9	1.6	0.74	2.53	7.7	3.5	0.1	0.1	0.6		1.38	27	56	0.2	0.96	107	5	0.13	3.5	20.5	34	0.092	5	5.4	71.2	0.011	0.59	0.3	6	1.7	4.4	2	123	0.3	0.5		7.6	0.25	0.5	0.2	3.9	65	0.8	19.6	1.5	38	11
Lu 23-02	Kapp Starostin Fm.	-40.51		2.3	6.6	167	0.8	0.07	6.13		28.7	3	82	3.2	10	2.2	1.3	0.59	2.03	5.7	2.8		0.1	0.5		0.82	19	51	0.2	0.68	124	3	0.15	2.8	16	27	0.075	3	4.3	47.2	0.014	0.36	0.3	4	1.4	2.8	2	156		0.4		5.3	0.161	0.32	0.2	3.1	46	0.6	16.8	1.2	53	6
Lu 23-4.5	Kapp Starostin Fm.	-37.17		3.73	13.2	252	1.8	0.07	4.13		60.9	4	198	4.46	8	5.4	3.1	1.45	3.19	7	7.2			1.1		1.44	45.6	72	0.3	0.9	100	6	0.11	0.8	38.7	35	0.306	5	10.1	70	0.026	0.62	0.4	6	1.4	7.1		141		1		8.7	0.174	0.52	0.4	5.4	80	0.5	38.5	2.2	38	2
Long 2	Kapp Starostin Fm.	-36.87		3.35	12.2	217	1.5	0.04	3.83	0.3	56.8	3	157	3.89	7	5	2	1.25	3.18	4.5	5.7			0.8		1.18	34.8	76	0.2	1.26	89	5	0.12	3.6	33.6	31	0.292	5	9.4	57.4	0.018	0.59	0.3	1	1.8	7.4	1	131		0.8		7.4	0.183	0.44	0.3	4.4	76	0.5	34.8	1.6	30	4
Lu 23-4.9	Kapp Starostin Fm.	-36.61		2.76	7.9	181	1.6	0.05	7.04	0.4	42.5	3	153	3.08	10	4.1	2	1.11	2.63	4.9	5.1		0.2	0.8		1.08	34.8	59	0.2	0.79	197	5	0.11	0.5	27.9	23	0.265	3	7.2	53.9	0.015	0.32	0.2	5	1.7	5.6	2	152		0.7	0.1	5.9	0.125	0.32	0.3	3.2	62	0.3	28.2	1.5	48	14
Long 3	Kapp Starostin Fm.	-34.73	0.4	3.67	4.6	229	1.1	0.1	1.99	0.7	23.7	4	121	5.28	15	1.7	1	0.5	2.18	5.5	1.9		1.7	0.4		1.36	13.4	61	0.2	1.17	108	3	0.14	5.9	11.3	41	0.101	14	3.2	69.6	0.009	0.45	0.3	2	1.7	2	2	83.3	0.4	0.3		5.8	0.239	0.46	0.2	2.7	70	0.7	13.4	1.1	141	61
Lu 23-03	Kapp Starostin Fm.	-34.63		2.87	4.5	209	1	0.08	2.14		19.5	3	93	4.32	8	1.4	1	0.41	1.88	6.3	1.7		0.1	0.3		1.17	15.3	51	0.2	0.63	102	2	0.14	2.4	9.8	25	0.085	4	2.7	61.5	0.011	0.26	0.3	5	1.7	1.9	1	96.1		0.3		5.4	0.184	0.37	0.1	2.9	62	0.6	11	1	44	4
Long 4	Kapp Starostin Fm.	-33.76		2.59	4	166	0.8	0.07	3.07		23.5	3	64	3.62	7	2	1.1	0.53	1.8	4.8	2.3	0.1	0.2	0.4		0.92	12.2	58	0.1	0.7	98	4	0.14	3	13.9	26	0.075	4	3.5	51.3	0.009	0.39	0.2	2	1	2.5	2	99.2	0.2	0.3		4.2	0.171	0.29	0.1	2	47	0.5	12.2	0.9	48	10
Lu 23-04	Kapp Starostin Fm.	-33.58		2.67	4	229	0.9	0.08	3.67		25	3	89	3.72	12	2	1.2	0.52	2.05	6.2	2.5		0.3	0.4		1.05	16.2	57	0.2	0.84	126	3	0.15	3.4	13.3	27	0.069	4	3.7	53.5	0.007	0.35	0.3	5	1	2.5	1	107	0.1	0.3	0.2	4.4	0.172	0.32	0.2	2.2	53	0.7	13.6	1	42	11
Lu 23-05	Kapp Starostin Fm.	-32.58		2.69	3.6	275	0.9	0.08	3.81		25.9	3	73	3.78	12	1.9	1.1	0.55	1.82	5.5	2.2		0.2	0.4		1.07	15.7	57	0.2	0.9	135	3	0.13	3.2	13.3	31	0.055	4	3.7	53.3	0.011	0.27	0.3	5	0.9	2.3	2	102		0.3		4.7	0.18	0.33	0.2	2.4	54	0.7	12.3	1	46	10
-1 LD-KP	Kapp Starostin Fm.	-29.8		0.46	1.7	76			1.92	0.03	7.03	0.6	16	0.6	2.1	0.6	0.3	0.1	0.23	1.57	0.9		0.13	0.1		0.18	4.5	34		0.1	18	0.56	0.061	0.69	4.7	5.6	0.033	0.99	1	9	0.006	0.13	0.04	0.8	1	0.8		81			0.32	0.8	0.025			0.8	9		4.7	0.2	5.4	5.1
L-0-2 LD-KP	Kapp Starostin Fm.	-26.6	48	1.14	5	117	1		7.95	0.15	24.78	0.9	57	1.7	2.3	2.7	1.1	0.6	1.16	3.19	3.1		0.19	0.5	0.02	0.53	19.2	47.6	0.1	0.26	176	2.18	0.065	1.11	17.7	10.2	0.175	2.68	4.2	28.8	0.008	0.1	0.1	1.9	1	3.3	0.1	181		0.3	1.23	2.2	0.044	0.14	0.2	1.9	24	0.1	19.2	1.2	22.6	7.9
L-1 LD-KP	Kapp Starostin Fm.	-26.1	35	0.6	2	100			2.93	0.05	15.28	0.6	32	0.8	1.7	1.4	0.7	0.4	0.43	1.46	2		0.08	0.3		0.26	10.3	60.7		0.1	60	0.82	0.061	0.6	9.5	5.7	0.131	1.65	2.3	13.1	0.008	0.11	0.06	1	0.7	2		148		0.1	0.45	1.2	0.026	0.07		1.1	16		10.5	0.5	10.1	2.6
L-2 LD-KP	Kapp Starostin Fm.	-25.4	58	0.87	5.7	173	1		8.06	0.09	32.81	1.3	60	1.3	3.5	2.9	1.3	0.7	1.31	4.11	4.3		0.03	0.5		0.47	21.1	50.2	0.1	0.31	184	3.51	0.045	0.72	20.7	11.1	0.412	3.94	5	26.1	0.003	0.76	0.24	1.9	1.3	3.6	0.1	144		0.4	1.15	1.8	0.024	0.2	0.2	2.2	25		23.5	1.1	14.2	1.5
L-3 LD-KP	Kapp Starostin Fm.	-25.1	89	3	5.1	175	2	0.06	3.81	0.22	23.78	4.6	92	4.8	7.2	2	1.1	0.5	1.78	6.71	2.6		1.24	0.3	0.04	1.18	16.6	54.6	0.2	0.69	90	2.8	0.114	4.62	12.7	31	0.15	7.59	3.3	65.5	0.014	0.32	0.26	5.7	1.3	2.6	0.9	105	0.3	0.2	0.65	4.4	0.16	0.44	0.2	3.3	64	0.5	13.2	1.1	61.9	40.8
L-4 LD-KP	Kapp Starostin Fm.	-24.5	73	2.4	2.7	197			3.28	0.11	20.35	2.9	51	3.5	5.6	1.8	0.8	0.4	1.66	5.33	2.2		0.82	0.3	0.03	0.82	13.1	57.2	0.1	0.73	94	1.69	0.102	3.4	10.9	23.2	0.069	4.62	2.6	45.4	0.002	0.34	0.13	4.2	1.3	2.5	0.6	95	0.2	0.1	0.79	3.1	0.12	0.28	0.1	1.6	42	0.4	10.4	0.8	43	27.3
L-5 LD-KP	Kapp Starostin Fm.	-24.2	75	2.47	3.3	180			2.83	1.4	22.37	2.9	57	3.3	6.7	1.8	0.9	0.5	1.86	5.79	2.4		0.81	0.3	0.03	0.81	13.2	63.2		0.75	80	2.17	0.112	3.4	14.1	26.8	0.077	4.63	3.1	44.9	0.013	0.25	0.15	4.5	1.8	2.6	0.7	107	0.2	0.2	0.64	3.3	0.119	0.28	0.1	1.6	43	0.4	12.1	0.8	122.9	28.4
L-B LD-KP	Kapp Starostin Fm.	-23.6	84	2.53	5.5	302		0.05	3.5	0.21	20.85	4.1	52	3.7	8	1.5	0.8	0.4	1.9	6.26	2.1		0.95	0.3	0.02	0.85	13.1	54.2		0.74	89	2.73	0.136	3.69	11.1	31.3	0.05	5.91	2.8	48.1	0.014	0.63	0.17	4.6	1.6	2.1	0.7	102	0.2	0.2	0.54	3.5	0.133	0.38	0.1	1.9	45	0.4	9.6	0.9	52.7	31.5
L-7 LD-KP	Kapp Starostin Fm.	-17	34	0.67	5.3	114			4.02	0.21	19.82	1	45	0.8	2.6	1.9	0.6	0.5	0.73	2.12	2.3		0.12	0.3		0.31	13	38.4		0.13	45	1.66	0.067	0.99	13.6	9	0.101	2.27	3	16.2	0.004	0.1	0.13	1.1	1.1	2.5	0.1	102		0.2	0.58	2.1	0.036	0.07		1.4	22	0.1	10.8	0.5	44.8	5.6
Ext Lingula LD -13	Kapp Starostin Fm.	-13.83	68	1.47	10.4	98	2		1.83	0.22	87.67	1.2	230	0.8		10	4	2.5	3.44	4.11	12.4			1.6	0.01	0.46	71.4	49.5	0.4	0.53	93	0.77	0.033	0.91	72	14.5	0.827	5.55	15.9	24.1	0.003	0.05	0.23	3.1	1.6	12.5	0.3	87		1.4	0.45	3.1	0.033	0.1	0.5	4	50		68	3.1	74.1	0.8
-8.6 m Lydiu 0 m LD - Ext	Kapp Starostin Fm.	-8.48	70	2.96	7.4	78	4		1.33	0.05	109.65	2.4	628	0.9	5.3	10.6	4.6	3.5	7.36	7.61	16.5		0.07	1.8	0.03	0.7	87	71	0.4	1.18	107	1	0.04	1.24	88.9	16.4	0.565	6.8	21.7	37.9	0.002	0.54	0.34	3.4	1.1	17	0.4	76		1.8	0.43	4.7	0.043	0.11	0.6	2.8	89	0.1	80.7	3.5	34.2	4.5
Ext - 8 m	Kapp Starostin Fm.	-7.91	29	2.59	10.5	89	4	0.05	1.41	0.05	109.9	3.6	864	1.3	5.8	11.6	5	3.4	6.22	6.69	16.5		0.11	1.9	0.01	0.75	90.6	71	0.4	0.97	102	1.39	0.033	1.75	105.4	15	0.574	9.55	21.5	38.1		0.3	0.42	3	1.3	19	0.5	77	0.1	2	0.44	6.1	0.055	0.16	0.7	2.6	88	0.1	87.6	3.5	30.7	6.3
-2 m Ext	Kapp Starostin Fm.	-1.82	54	1.27	7.3	39	2		18.09	0.03	44.72	5	228	1.3	1.7	5.4	2.3	1.4	2.52	3.12	7.7		0.23	0.9	0.02	0.61	41.7	42.4	0.3	0.52	2153	1.27	0.03	1.04	38.1	14.7	0.302	2.96	8.8	33.1	0.008	0.86	0.23	2	0.6	7.1	0.2	184		0.8	2.58	2.7	0.029	0.12	0.3	2.2	44		42.7	2	28.4	8.2
-1.53 Ext LD -1.53	Kapp Starostin Fm.	-1.24	111	3.07	10	185	2	0.05	1.38		79.72	1.8	382	2.6	4.7	8	4	2.3	5.45	6.17	12.6		0.83	1.4	0.02	1.03	78.5	76.5	0.4	1.1	56	2.06	0.04	3.24	67.8	10.6	0.539	7.04	16.1	55.4	0.008	0.91	0.27	4.6	0.8	12.4	0.6	65	0.2	1.3	0.39	5	0.09	0.43	0.5	4.7	97	0.2	60	3	35.7	34
Lu 30.20	Kapp Starostin Fm.	-0.46		3.21	11.9	311	3.2	0.07	1.91		121	6	507	3.44	9	12.2	6.1	3.71	5.99	7.2	15.5		0.2	2.3		1.65	110	84	0.6	1.29	318	3	0.11	3.7	91.5	38	0.644	5	24.1	75.9	0.01	0.76	0.6	5	0.4	18.4	1	96.8		2.2		6.8	0.122	0.52	0.7	5.6	92	0.3	88.8	4.1	114	2
Lu - 00	Kapp Starostin Fm.	-0.39		5	34.8	226	3.6	0.14	1.45	0.5	134	11	553	7.16	18	14	6.9	4.25	7.43	17.1	17.8		0.1	2.6		2.5	120	106	0.8	1.54	272	6	0.17	3	103	38	0.661	10	26.2	109	0.03	1.05	0.8	9	3.3	18.7	2	86.5		2.5		10.6	0.261	0.68	0.9	9.2	132	0.7	94.9	5.3	94	3
Ext LD - .3	Kapp Starostin Fm.	-0.3	105	4.69	22.8	96	3	0.12	1.47	0.15	124.98	7	616	6.1	11.7	13.2	6	3.7	7.02	11.22	17.7		1.78	2.2	0.05	2.12	106.8	109.4	0.6	1.37	147	6.6	0.113	6.47	102.1	23.8	0.713	10.68	24.5	104.2	0.031	0.82	0.63	8.6	2.3	19.3	1.1	90	0.4	2.3	0.14	8.8	0.18	0.67	0.7	7.7	128	0.4	92.5	5	79	59.7
Ext 0 cm LD -0	Kapp Starostin Fm.	0	21	3.73	6.5	155	4	0.11	2.57	0.47	195	8.3	483	3.3	12.2	25.4	9.7	6.6	6.05	14.4	32.3		0.85	3.9	0.04	2.12	174.2	114.7	0.7	1.38	266	1.12	0.121	3.45	183.2	18.5	1.046	6.34	40.5	94		0.77	0.25	9.4	1.1	35.7	0.6	135	0.2	4.2	0.62	8.3	0.098	0.39	1.2	4.7	93	0.2	156.2	6.7	229.8	34.4
Lu - 01	Vikinghogda Formation	0.49	0.4	6.92	24.3	98	1.8	0.35	0.39	0.6	59.9	44	85	9.23	103	4.3	2.6	1.18	6.32	20.5	4.5		3.4	0.9		2.96	40.9	81	0.5	1.7	453	11	0.64	13	27	84	0.052	13	7.5	123	0.019	2.61	0.8	18	3.6	4.7	2	71.5	0.8	0.7	0.4	9.8	0.465	2.16	0.4	2.9	184	1.3	24	2.8	61	120
18B+0.5m LD	Vikinghogda Formation	0.5	156	6.48	25.7	293	2	0.16	0.48	0.2	65.34	13.6	213	6.8	89.8	5.8	2.3	1.8	7.63	18.93	8.8		2.08	0.9	0.08	1.91	31.3	84	0.3	1.33	203	12.91	1.213	8.03	39.7	32	0.305	15.07	10	93.1	0.016	0.94	0.73	18.1	3.2	8.9	1.6	68	0.5	0.9	0.3	7.2	0.549	1.13	0.3	3.9	206	0.9	27.4	2	49.7	69.3
Long 14	Vikinghogda Formation	0.51	0.4	7.06	26.6	100	1.2	0.17	0.43	1.2	45.6	54	113	4.64	104	3.4	2.5	0.93	11.1	15.2	3.9	0.2	3.2	0.7		1.5	23.5	118	0.4	2.43	552	13	1.15	9.1	20.7	95	0.075	16	5.7	75	0.023	3.45	0.9	3	3.4	6.2	3	52.4	0.6	0.5		7.7	0.538	1.6	0.4	2.8	168	0.8	23.5	2.6	114	126
Long 15	Vikinghogda Formation	0.89		6.52	21.4	221	2.9	0.21	0.3	0.4	66.1	25	226	9.21	64	4.5	2.9	1.22	6.7	23.1	5.1		3.6	0.8		2.57	27.6	90	0.4	1.53	454	5	0.78	12.6	29.8	42	0.107	12	7.9	125	0.01	1.62	0.8	2	2.1	6.7	2	66.1	0.8	0.8	0.1	10.1	0.465	1.19	0.4	3.3	164	1	27.6	2.8	63	150
Long 16	Vikinghogda Formation	1.15		7	3.7	84	0.5	0.04	7.1	0.8	42.1	25	224	1.85	157	6.7	4.3	1.87	11.4	12.1	7.5		2.3	1.5		0.64	39.4	124	0.5	2.65	1190		2.55	0.8	26.5	40	0.08		6.4	17.5	0.002	2.72		1	0.4	7.4	1	80.1		1.1		2.4	0.531	0.49	0.6	1.8	198	0.1	39.4	3	144	87
18D+1.5 m LD-14 m	Vikinghogda Formation	1.5	110	6.43	13.4	282	2	0.17	0.75	0.35	50.22	30.7	90	9.8	76.5	3.1	1.8	0.7	4.53	19.34	3.3		2.4	0.5	0.06	2.67	27.9	74.8	0.2	1.47	419	2.57	0.695	9.7	19	63.5	0.044	13.68	5.5	119.9	0.007	1.57	0.6	19.6	2	3.7	1.9	68	0.7	0.4	0.2	7.7	0.402	1.16	0.3	2.6	163	1	14.9	2	57.6	87.8
Long 17	Vikinghogda Formation	1.93	0.3	6.49	14.8	130	1.8	0.19	0.78	0.5	63.1	22	59	9.62	59	3.4	2.5	1.05	4.59	18.1	4.6		3.6	0.7		2.61	19.6	66	0.3	1.63	408	4	0.68	12.9	25.7	50	0.048	11	7.5	126	0.006	1.79	0.8	2	1.8	4.9	2	68.2	0.8	0.6		10.2	0.452	1.13	0.4	4.1	170	1.4	19.6	2.2	55	140
18E+2 M LD	Vikinghogda Formation	2	104	6.47	17.5	326	2	0.26	0.25	0.24	57.75	21.8	118	10.6	83.2	4.4	2.2	1.3	5.07	21.86	5.8		3.04	0.7	0.07	3	25.6	74.4	0.3	1.32	287	9.08	0.628	10.43	27	48.4	0.073	17.61	6.4	136.2	0.007	0.72	0.88	15.7	3.1	5.9	2.1	64	0.7	0.6	0.21	8.7	0.378	1.75	0.3	4.9	234	0.9	18.1	2.2	68.1	98.5
Lu 02	Vikinghogda Formation	2.01	0.3	6.01	14.7	189	1.5	0.2	0.76	0.4	58.6	22	71	8.38	58	3.5	2.2	1.01	4.08	20.8	3.5		3.3	0.7		2.76	30.2	62	0.3	1.48	398	4	0.61	12.6	24.2	51	0.043	8	6.7	114	0.004	1.61	0.9	14	1.6	4	2	71.4	0.8	0.5		9.2	0.41	1.13	0.3	3.4	170	1.2	17	2.1	54	120
0.5 m DD	Vikinghogda Formation	2.5	55	6.49	5.1	345	2	0.14	1.4	0.03	67.88	17.8	69	6.3	21.4	3.6	1.6	1.1	3.1	16.7	5.5		2.98	0.6	0.05	2.38	33.9	62.9	0.3	1.63	584	0.23	1.165	11.77	31.7	33.3	0.065	9.23	7.7	102	0.003	0.42	0.41	11.2	0.9	5.8	2.2	84	0.8	0.5	0.28	9.6	0.41	0.54	0.2	2.1	87	1.3	15.4	1.8	48.8	96.7
Long 18	Vikinghogda Formation	2.71	0.4	7.61	9.5	188	2.3	0.32	1.66	0.6	74.1	35	80	11.7	61	5.3	3.1	1.37	4.78	21.9	5.7		3.7	0.8	0.1	3.27	25.8	75	0.4	1.9	469	4	0.6	13.7	31.1	64	0.053	14	9.6	157	0.012	1.38	0.5	3	2.3	5.8	3	82.2	0.9	0.7	0.1	11.6	0.488	1.37	0.5	3.9	142	1.1	25.8	2.8	88	137
18G+3 LD	Vikinghogda Formation	3	89	6.19	9.5	358	2	0.18	0.72	0.18	62.27	19.8	87	8	46.1	3.6	1.9	1.1	4.55	17.56	5		2.88	0.6	0.06	2.58	29.7	70.1	0.3	1.4	385	5.01	0.784	9.57	30.2	40.9	0.051	13.71	7.6	116.1	0.007	0.63	0.4	13.8	1.7	5.6	1.8	73	0.7	0.5	0.22	8.7	0.385	0.91	0.3	2.7	113	1	17.9	2	57.1	103.5
Lu 03	Vikinghogda Formation	3.14	0.3	6.95	12.6	190	1.8	0.26	2.54	0.4	69.7	24	81	11.6	60	4.5	2.5	1.23	4.28	23.6	4.6		3.7	0.9		3.23	34.3	67	0.4	2.05	468	4	0.58	14.7	28.5	52	0.045	12	8	132	0.003	1.7	0.8	17	1.8	6	3	101	1	0.7	0.1	10.8	0.465	1.31	0.4	4.5	169	1.5	22	2.5	63	134
Long 19	Vikinghogda Formation	3.49		7.59	8.9	204	2.1	0.29	2.19	0.5	76.4	19	84	11	48	4	2.8	1.16	4.51	20.7	4.8		3.8	0.9		3.19	24.2	71	0.3	2	496	2	0.64	13.2	31	43	0.047	9	9	150	0.003	1.28	0.6	3	0.5	6.1	3	93.9	0.9	0.7		11.3	0.504	0.97	0.5	3.1	144	1.5	24.2	2.6	65	144
Lu - 04	Vikinghogda Formation	3.64		7.6	10	206	2.3	0.34	2.21	0.4	76.7	23	76	14	48	5	2.6	1.43	4.32	25.9	5.4		3.7	0.9		3.18	36.5	72	0.4	2.04	452	2	0.52	15.4	33.7	50	0.045	11	9	144	0.004	1.36	0.6	17	2.5	6.5	3	108	1	0.8	0.3	11.2	0.453	1.22	0.4	4	130	1.5	23.9	2.6	80	133
Long 20	Vikinghogda Formation	4.23		7.78	10.5	251	2.7	0.33	1.96	0.5	80.8	30	77	13.1	40	4.6	2.7	1.3	4.94	18.9	6.1		3.5	0.8		3.14	26.6	76	0.3	2.07	579	2	0.56	14.8	33.7	57	0.061	16	9.7	161	0.005	1.75	0.7	3	2.9	6.5	3	96.4	1	0.7	0.1	12.5	0.454	1.41	0.4	3.3	110	1.4	26.6	2.5	76	139
Lu - 05	Vikinghogda Formation	4.64	0.3	8.41	10.8	245	2.5	0.29	1.55	0.3	76.2	31	157	15.2	39	5	2.8	1.5	4.86	28.7	5.9		3.3	0.9		2.93	37.6	81	0.4	2.07	587	2	0.47	15.6	33.5	61	0.054	13	9.2	147	0.002	1.56	0.6	18	2.1	6.4	3	102	1	0.8	0.2	11.3	0.447	1.35	0.4	2.8	131	1.6	25.3	2.5	86	121
Long 21	Vikinghogda Formation	4.99		8.03	8.5	154	2.2	0.31	2.02	0.7	84.5	32	86	12.4	37	5	2.9	1.49	4.48	21.9	5.4		3.5	1		3.15	26.7	77	0.3	2.08	795	1	0.59	14.1	34.8	54	0.063	15	10.1	156	0.003	1.5	0.7	3	1.6	7.2	3	96.4	0.9	0.8		12	0.465	1.15	0.4	3	100	1.4	26.7	2.5	86	138
Lu 6.4	Vikinghogda Formation	5.09	0.4	8.51	12.1	202	2.5	0.38	1.83	0.5	78.3	30	94	13.9	44	4.9	2.7	1.52	4.88	27.2	5.9		3.5	0.9		2.64	38.9	78	0.4	2.06	573	2	0.54	16.1	35	58	0.058	15	9.3	132	0.004	1.86	0.7	17	2.8	6.4	3	115	1.1	0.8	0.4	10.9	0.45	1.57	0.4	3.4	134	1.7	24.5	2.5	78	130
Long 22	Vikinghogda Formation	5.75		7.99	7.6	375	2.5	0.31	2.12	0.4	85.8	22	84	14.3	31	5.5	3.1	1.62	4.49	19.3	7.2		3.7	1.1		3.41	29.2	78	0.3	2.12	837		0.59	14.6	40.5	48	0.085	13	10.5	165	0.003	0.88	0.6	3	1.9	7.1	3	101	1	0.9	0.2	12.3	0.47	0.98	0.4	2.8	103	2	29.2	2.7	90	131
Lu 7.4	Vikinghogda Formation	6.09	0.3	8.11	10	206	2.5	0.33	1.81	0.4	80.3	31	69	12.5	48	5.4	2.8	1.66	4.48	26.2	6.5		3.8	0.9		3.45	40.2	75	0.4	2.04	833	1	0.52	16.4	38.1	55	0.063	14	9.8	146	0.002	1.19	0.6	16	1.5	7.2	3	109	1	0.9	0.2	12.2	0.466	1.07	0.4	2.9	113	1.7	26.4	2.6	96	134
Long 23	Vikinghogda Formation	6.49		7.59	8	300	2.3	0.28	2.19		82.3	25	71	11.6	28	4.6	2.2	1.31	4.28	18.8	5.5		3.8	0.9		2.61	25	74	0.4	2.17	1260		0.65	15.1	34.2	44	0.062	12	9.9	137	0.002	1.09	0.6	3	1.1	7.8	3	103	1	0.8		12.5	0.469	0.87	0.4	2.7	96	1.3	25	2.6	72	137
Lu 8.4	Vikinghogda Formation	7.09		7.71	9.4	153	2.4	0.28	1.85		76.6	24	70	12.3	32	4.2	2.4	1.22	4.19	23.2	4.4		3.5	0.8		3.58	38.3	71	0.4	2.02	791		0.56	16	29.8	46	0.054	12	8.5	147	0.002	1.23	0.6	15	1.1	5.6	3	109	1	0.7	0.1	11.5	0.437	1.01	0.3	2.5	105	1.6	21.7	2.3	90	130
17G -3m LD-9.5	Vikinghogda Formation	7.24	66	6.98	5.9	328	2	0.19	2.32	0.53	61.92	24	72	10.6	27.3	4	1.9	1.2	3.63	17.71	5.4		2.45	0.7	0.07	2.84	29.6	71.6	0.2	1.67	749	1.16	0.588	10.27	29.4	43.4	0.063	15.14	7.7	126.2		1.05	0.34	12.2	1.7	6	2	102	0.7	0.6	0.46	8.7	0.327	0.94	0.3	1.9	89	1.3	19.7	2	113	79.8
Long 24	Vikinghogda Formation	7.27		7.58	4.6	279	2.3	0.27	1.97		78.2	21	98	11.3	24	4.4	2.5	1.22	3.96	18.8	4.9	0.2	3.8	0.8		2.03	24.4	75	0.4	2.1	790		0.64	10.5	32.2	40	0.057	13	9.2	120	0.002	0.67	0.5	2	0.5	6.7	2	91.6	0.6	0.7	0.1	11.5	0.474	0.69	0.4	2.8	98	1.2	24.4	2.5	55	137
17E-2.5 m LD-10 m	Vikinghogda Formation	7.74	100	7.56	8.2	363	2	0.24	2.28	0.18	64.78	29.9	80	12.2	43.5	3.9	1.9	1.3	4.24	21.04	5.6		2.44	0.7	0.06	3.14	30.2	72.5	0.3	1.81	883	1.64	0.512	11.42	28.7	53.6	0.06	20.59	7.6	136	0.003	1.44	0.44	14	1.8	5.6	2.3	101	0.7	0.5	0.44	8.2	0.342	1.21	0.3	2.1	107	1.2	19.9	1.9	86.9	84.6
Long 25	Vikinghogda Formation	8.01		6.87	4.3	320	2.1	0.25	2.55	0.3	81.5	15	80	9.48	36	6.4	3.1	1.53	3.31	16.7	6.9	0.4	3.3	1		2.16	28.2	71	0.3	2.01	958		0.72	1.7	37.3	36	0.075	10	9.6	115	0.002	0.33	0.3	2	0.6	7.4	2	94.4		0.9		11.6	0.34	0.65	0.4	3	72	0.4	28.2	2.7	52	118
Lu 9.4	Vikinghogda Formation	8.07		6.86	3.4	315	2	0.25	2.56		78.6	16	90	9.78	17	5.4	2.5	1.68	3.32	26.1	6.4	0.4	3.6	1		3.15	38.4	68	0.4	1.9	822		0.64	3	38.1	34	0.079	10	10.2	126		0.46	0.3	14	0.2	6.3	2	112		0.9		11.3	0.402	0.6	0.4	2.7	78	0.6	26.2	2.5	50	123
17E -2m LD - 10.5m	Vikinghogda Formation	8.24	24	3.93	6.8	31		0.06	3.49	0.09	60.85	13.8	54	4.1	14.7	5.6	1.9	1.8	4.97	9.14	8.5		1.78	0.8	0.04	1.36	26.6	57.1	0.2	1.17	903	1.74	0.639	6.16	38.4	26.3	0.111	9.58	8.3	62		3.6	0.21	6.7	1.7	8.5	0.9	95	0.5	0.9	0.21	6.3	0.22	0.51	0.3	1.5	41	0.7	26.4	1.7	45.9	64.7
Long 26	Vikinghogda Formation	8.77		6.32	11.8	108	1.3	0.15	2.12	0.4	80.4	30	88	5.56	91	6.4	3	2.04	5.85	15.1	8		4.2	1.1		1.79	31.7	59	0.3	1.6	796	2	1.95	10.8	41.9	55	0.115	12	10.6	78.8	0.003	3.09	0.7	2	0.9	8.4	2	81.4	0.7	1.2	0.1	9.3	0.613	0.48	0.4	2.7	93	1.2	31.7	2.5	54	156
17D-2 m LD-10.5 m	Vikinghogda Formation	8.84	90	7.51	7	359	3	0.26	2.17	0.05	62.56	24.3	88	11.9	31.8	3.5	1.8	1	4.15	19.93	4.7		2.57	0.6	0.09	3.16	31.4	76.7	0.2	1.83	862	0.75	0.536	11.29	29.1	45.2	0.061	18.22	7.6	127.3	0.003	0.95	0.4	14.6	1.6	5.3	2.2	97	0.8	0.5	0.37	9	0.363	0.9	0.3	2	106	1.4	17.1	1.9	66.7	85.2
17C-1.5 m LD-11 m	Vikinghogda Formation	9.34	28	7.96	7.3	328	3	0.22	1.27		67.52	23.6	96	12.2	36	3.5	1.7	1.1	4.48	21.3	5.4		2.78	0.6	0.07	3.39	32.5	87.4	0.2	1.95	656	1.24	0.628	10.97	29.6	46	0.065	16.19	7.7	144.2		0.76	0.44	18.4	1.2	5.7	2.1	87	0.8	0.5	0.33	9.5	0.446	0.87	0.3	2.2	123	1.4	18	1.9	52.7	91.1
Lu 10.4	Vikinghogda Formation	9.43	0.4	7.91	7.6	122	1.9	0.17	1.58		63.2	33	84	9.43	60	4.6	2.6	1.25	6.5	24.6	4.8	0.1	3.9	0.9		3.04	33.1	81	0.4	2.13	644		1.15	13.2	27	54	0.06	9	7.3	120	0.001	2.45	0.5	27	0.4	5.3	2	92.3	0.8	0.7	0.2	9	0.64	0.58	0.4	2.4	213	1.4	22.6	2.6	113	146
Long 27	Vikinghogda Formation	9.53		6.91	4.8	262	2	0.2	2.44	0.4	66.9	19	72	8.09	24	4.1	2.7	1.06	4.25	18.6	4.8		4.3	0.9		2.57	22.1	66	0.4	1.95	749		1.07	13.1	27	37	0.07	11	8	120	0.003	1.21	0.5	2	0.5	7.4	2	91.6	0.9	0.7		10.5	0.522	0.56	0.4	2.2	105	1.5	22.1	2.5	51	157
Lu 11	Vikinghogda Formation	10.15		6.03	4.1	302	1.6	0.16	3.55		70.8	14	62	6.96	16	4.6	2.4	1.34	3.05	23	5.1	0.2	3.6	0.8		2.59	35.5	56	0.4	1.91	1700		0.72	10.5	31	27	0.072	7	8.2	101		0.63	0.4	11		5.8	2	105	0.6	0.7		10.3	0.388	0.46	0.3	2.3	72	1.3	22.6	2.3	44	134
17A-50 cm LD-12 m	Vikinghogda Formation	10.34		6.67	3.7	302	2	0.17	2.26	0.03	54.92	14.3	82	8.4	26.4	3.4	1.7	1.1	3.81	18.32	5.1		2.32	0.5	0.06	2.56	27.3	67.8	0.3	1.61	563	0.58	1.013	9.6	26.1	30.5	0.066	11.83	6.8	106.2	0.005	0.97	0.32	15.7	0.8	5	1.8	89	0.7	0.5	0.35	8	0.402	0.53	0.3	1.6	105	0.9	17	2	45.2	86.9
17K 0cm LD-12.5 m	Vikinghogda Formation	10.84	55	5.89	6	290	2	0.11	2.76	0.04	62.64	20.8	75	6.9	32.7	4.9	2.2	1.5	3.39	17.49	7.1		2.52	0.8	0.04	2.3	30	63.4	0.3	1.61	1171	0.84	0.98	9.53	32.1	38.2	0.118	15.8	7.9	94.3	0.003	1.08	0.42	11.7	1.1	6.7	1.6	90	0.6	0.8	0.45	8	0.391	0.56	0.3	1.7	103	1	23.1	1.9	46.4	84.9
Lu 12	Vikinghogda Formation	11.3	0.4	7.23	3.9	260	1.6	0.14	1.55		67.1	23	101	6.03	44	4.6	2.7	1.36	4.8	25.9	5.1	0.4	4.5	0.9		2.28	33	77	0.5	2.03	425		1.53	1	29.6	35	0.066	7	7.8	87.4		0.55	0.2	22		5.9	2	85.9		0.8		10.6	0.552	0.39	0.4	2.3	136	0.1	23.7	2.8	62	145
17J+50 CM LD-13 m	Vikinghogda Formation	11.34		5.58	3.3	310	1	0.12	3.09		66.81	13.7	62	5.9	19.3	4.1	1.9	1.3	2.78	13.94	5.3		2.77	0.6	0.05	2.1	33.3	59	0.2	1.59	1378	0.25	0.869	9.94	33.1	25.2	0.087	9.25	8.1	97		0.59	0.27	9.9	0.5	6.3	1.8	97	0.7	0.5	0.7	9.4	0.317	0.47	0.3	1.9	61	1.1	20.1	1.7	38.2	93.8
17H+1.2 m LD-13.7m	Vikinghogda Formation	12.04	21	3.94	2.1	403	1	0.04	5.88	0.04	66.77	8.3	46	2.8	11.2	4.1	1.9	1.1	1.72	10.16	5.7		2.35	0.7	0.02	1.28	32.5	47.6	0.2	1.13	2046	0.36	1.01	7.22	32.4	16	0.073	7.17	8.1	59.6		0.22	0.23	7.7	0.6	6.3	1	128	0.5	0.6	1.01	8	0.24	0.3	0.3	1.7	39	0.8	21.1	2	31.7	81.5
Lu 13	Vikinghogda Formation	12.53	0.4	7.05	3.7	247	1.8	0.13	1.28		68.9	17	90	4.99	62	4.7	2.5	1.56	4.69	16	5.9	0.7	4.5	0.9		2.02	32.8	77	0.4	2.03	358		2.08	1	33.3	34	0.061	7	8.9	78.7		0.37	0.1	17		7.8	2	69.1		0.9		10.6	0.475	0.34	0.4	2.6	116	0.2	23.9	2.4	92	155
JANA 0 m	Vikinghogda Formation	13.28	47	4.99	1.8	248		0.14	4.41		63.86	10.7	52	3.9	16.6	4.2	1.9	1.1	2.21	11.69	5		2.84	0.7	0.03	1.59	28.9	51.1	0.2	1.37	1500	0.15	1.126	8.96	31.2	21.2	0.066	5.44	7.2	69.7		0.23	0.28	8.3	0.8	6.8	1.7	105	0.7	0.6	0.74	8.5	0.32	0.37	0.2	1.7	56	0.9	18.9	2	36.1	94.6
Long 31	Vikinghogda Formation	13.61		8.91	9.1	287	3.1	0.32	1.99	0.4	86.8	22	82	13.4	29	5	2.6	1.58	4.48	24	6.5		3.5	1		3.57	27.4	79	0.4	2.52	2200		0.61	15.9	35.7	47	0.09	11	10.2	171	0.002	1.08	0.6	3		8.3	3	98.4	1	0.8		12.7	0.541	0.76	0.4	2.7	119	1.8	27.4	2.7	96	129
Lu 14	Vikinghogda Formation	13.73		6.53	2.6	305	1.8	0.16	2.18		65.4	15	62	5.9	18	4.1	2.4	1.27	3.01	15.3	4.8	0.6	3.1	0.8		2.43	35	58	0.4	1.69	852		1.06	2.1	29.7	30	0.053	6	8	101		0.32	0.2	13		6.4	2	91.1		0.7		11	0.383	0.44	0.3	2.4	69	0.2	21.3	2.3	50	119
Long 32	Vikinghogda Formation	14.11	0.6	5.96	6.5	287	1.6	0.11	2.21		78.2	13	70	5.75	18	4	2.2	1.3	3.04	11.9	4.8	0.2	4.8	0.8		2.06	21.3	54	0.3	1.91	733	2	1.08	5.9	32.9	29	0.068	14	8.9	94.5	0.002	0.6	0.3	2	0.1	5.7	2	95		0.6		11.4	0.451	0.45	0.4	2.8	73	0.7	21.3	2.1	47	168
JANA 1 m	Vikinghogda Formation	14.28	25	5.01	2.8	234	2	0.13	2.25		58.68	9.9	55	3.7	19.1	3.3	1.4	1	2.31	11.62	5		2.58	0.6	0.04	1.55	28.5	53.3	0.2	1.36	781	0.15	1.185	9.02	32.7	22.1	0.067	6.04	7.2	65.2	0.002	0.25	0.28	8.7	0.6	6.3	1.5	84	0.7	0.6	0.5	8.5	0.315	0.37	0.2	1.5	57	0.9	14.3	1.6	40.6	90.2
JANA 1.5 m	Vikinghogda Formation	14.78	53	4.97	3.3	243	1	0.1	2.89	0.04	51.21	12.8	48	3.9	23.8	3.5	1.5	0.9	2.54	10.95	4.4		2.03	0.6	0.03	1.64	25.5	56.6	0.2	1.34	833	0.34	1.113	8.17	26.8	23.9	0.063	9.87	6.5	70.8		0.61	0.32	8.2	0.4	5.8	1.3	85	0.6	0.5	0.39	7.3	0.28	0.39	0.2	1.4	51	0.8	15.1	1.5	46.9	68.5
Lu 15	Vikinghogda Formation	15.12		6.64	2.8	311	1.9	0.16	1.88		74.5	13	67	6.31	20	4.1	2.2	1.27	2.76	16.1	5	0.6	3.1	0.8		2.43	36.2	58	0.3	1.79	684		1	0.4	31.7	32	0.054	4	8.8	107		0.22	0.1	14		6	2	89		0.7		11	0.237	0.46	0.3	2.3	46		20.9	2.3	57	96
JANA 2 m	Vikinghogda Formation	15.22	15.28	7.88	8.7	378	2	0.26	2.51	0.05	69.82	21	81	11.7	29.8	4.8	2	1.5	3.97	21.27	6.5		2.68	0.8	0.07	3.31	32.9	75.6	0.3	2.15	2166	0.4	0.687	12.29	36	44.8	0.095	14.03	8.2	128.2	0.003	0.88	0.45	15.7	0.6	7.4	2.6	101	0.9	0.7	0.4	8.6	0.416	0.77	0.3	2	114	1.5	20.8	2.1	63.3	89.3
JANA 2.5 m	Vikinghogda Formation	15.72	15.78	5.81	5.3	313	2	0.13	2.54	0.12	68.01	14.6	56	5.4	22.7	3.3	1.6	1.1	2.78	13.28	4.9		2.69	0.6	0.04	1.99	32.2	54.4	0.3	1.53	803	1.63	1.113	9.89	32.5	29.7	0.078	16.01	7.9	86.3		0.46	0.49	9.7	1	6.1	1.7	94	0.7	0.6	0.48	9.8	0.333	0.5	0.2	2.3	73	1	16.9	1.8	45.9	91.1
JANA 3 m	Vikinghogda Formation	16.22	16.28	4.85	10.3	33	1	0.08	3.53	0.15	59.15	23.5	38	3.8	24	4.6	1.6	1.4	5.05	11.07	6.2		1.64	0.6	0.05	1.56	27.8	55.4	0.2	1.39	1407	3.01	1.038	6.64	34.5	42.2	0.097	16.26	7.3	68.7		3.42	0.42	8	0.8	7	1.2	95	0.5	0.7	0.23	6.7	0.212	0.46	0.2	1.4	49	0.7	19.6	1.6	72.5	62.8
Lu 16	Vikinghogda Formation	16.79		8.27	8.6	367	3	0.32	2.44		85	20	85	13	30	5.3	2.9	1.69	4.34	23.7	7.2	0.1	3.6	1		3.85	42.7	69	0.4	2.29	2050		0.69	17.8	36.7	43	0.085	8	10.1	175		0.93	0.6	17	0.1	8.6	3	107	1.3	1	0.2	13.2	0.492	0.74	0.4	2.6	129	1.9	27.8	2.6	68	129
Lu 17	Vikinghogda Formation	17.72	0.3	8.06	8.3	414	3	0.3	1.69		84.4	22	139	12.1	29	4.8	2.8	1.47	4.54	23.9	5.9	0.3	4.5	1		3.84	44.4	67	0.5	2.35	1140		0.88	19.9	34.8	44	0.072	14	9.8	166		0.74	0.8	16	0.6	6.4	3	111	1.4	0.8		14.7	0.538	0.75	0.4	3	139	2.2	27.1	2.9	63	163
Lu 18	Vikinghogda Formation	18.73	0.4	6.86	3.9	314	2.6	0.23	1.87		81.4	17	93	8.83	25	5.3	2.8	1.61	3.22	19.3	6.8	0.4	4.8	1		2.54	40	58	0.4	2.08	754		0.88	6.4	37.2	35	0.064	8	10	119	0.001	0.46	0.5	15	0.2	8.2	2	95	0.3	0.9	0.1	13	0.413	0.6	0.4	2.7	96	1	26.2	2.7	55	173
Lu 19	Vikinghogda Formation	19.54		7.39	5.3	310	2.9	0.28	5.54		99.3	19	98	10.6	20	8.9	4.2	3.13	4.39	22.3	11.8		3.4	1.6		2.88	46.5	65	0.5	3.09	4470		0.6	14.1	54.4	38	0.195	12	13.3	133	0.001	0.99	0.6	18		13.3	3	119	0.7	1.7	0.1	10.7	0.405	0.67	0.5	3.1	118	1.7	46.2	3.4	56	122
Lu 20	Vikinghogda Formation	20.77	0.6	7.4	9.7	45	2.3	0.2	1.56		72.7	37	54	8.26	81	5.5	3.2	1.51	6.85	22.2	6		5.2	1.1		2.81	36.3	68	0.5	2.05	556	1	1.04	18.4	32.9	58	0.08	16	8.7	121	0.002	3.88	1	21	1	6.5	3	96	1.3	0.9	0.1	10.9	0.736	0.75	0.5	2.8	207	1.8	28.5	3.3	79	188
Lu 21	Vikinghogda Formation	21.64	0.5	7.29	8.9	211	2.3	0.2	1.73		83.1	21	76	8.46	58	5.5	3.5	1.55	4.6	20.4	6.4	0.1	5.5	1.2		2.62	42.6	63	0.5	2	604	2	1.24	18.3	37.1	39	0.078	12	10	128	0.003	1.43	0.7	18	1.4	6.5	3	102	1.2	0.9		12.4	0.627	0.76	0.5	3.2	162	1.8	29.5	3.3	62	199
Lu 22	Vikinghogda Formation	22.64		7.72	6.4	392	2.4	0.2	1.82		76.4	15	107	8.39	35	4	2.6	1.17	3.85	20.4	4.9	0.3	4.2	0.8		2.88	39.6	65	0.4	1.97	474	1	1.26	18.5	30.3	39	0.064	9	8.8	135	0.002	0.73	0.7	15	0.8	6.2	3	119	1	0.7		12.6	0.518	0.77	0.4	3.1	122	1.7	22.7	2.6	63	154
Lu 23	Vikinghogda Formation	23.82	0.4	5.17	6	279	1.6	0.09	3.11		70.8	13	63	3.69	31	5.8	2.7	1.83	3.26	11.8	7		4.6	1		1.79	32.4	49	0.4	1.51	919	2	1.28	14	36.1	27	0.095	7	8.9	74	0.002	1.17	0.5	10		7.2	2	103	1	1		9.9	0.448	0.4	0.3	2.4	73	1.3	26.8	2.3	64	161
Lu 24	Vikinghogda Formation	24.89	0.4	7.13	6	534	2.2	0.18	0.96		78.2	15	76	7.35	30	3.9	2.4	1.24	3.46	16.3	5	0.8	4.8	0.8		2.72	39.7	55	0.4	1.72	485		1.18	2.3	32.7	35	0.061	11	9.2	121	0.003	0.42	0.4	13	0.5	6.2	3	108		0.7		12.6	0.427	0.64	0.3	3.2	78	0.2	21.3	2.4	65	151
Lu 28	Vikinghogda Formation	27.79	0.5	6.95	12.7	77	2.3	0.32	1.8	0.4	85	31	58	7.41	92	6.6	3.6	1.94	5.52	19.7	7.9		6.1	1.3	0.1	2.91	42.4	57	0.5	1.92	648	5	1.06	19.6	41.5	47	0.103	15	10.6	123	0.006	2.6	1.1	18	3.1	9.1	3	118	1.3	1.2	0.2	12.6	0.814	0.99	0.5	3.7	183	2	33	3.4	70	214
Lu 29	Vikinghogda Formation	28.7	0.8	7	12.8	136	2.2	0.24	1.51	0.6	89.9	24	92	8.39	56	5	3.1	1.49	4.23	19.1	6.1		6.5	1		2.46	44.5	57	0.4	1.73	646	13	0.96	19.3	40.4	61	0.076	12	11.1	119	0.01	1.61	1.6	14	3.8	8	3	108	1.3	0.9	0.2	14.9	0.523	1.48	0.4	4.5	169	1.7	26.9	3	91	238
Lu 30	Vikinghogda Formation	29.7	0.5	5.74	4.8	343	1.6	0.15	2.6		79.2	12	78	4.9	22	5	2.7	1.54	3.01	14	6.2	0.2	5.5	0.9		2.32	37.7	46	0.4	1.63	783	2	1.41	8.1	36	28	0.074	8	9.8	93.7	0.002	0.67	0.3	10	0.5	6.9	2	111	0.1	0.9		11.8	0.436	0.58	0.4	2.8	79	1.1	25.5	2.6	55	195
Lu 31	Vikinghogda Formation	30.7		5.21	4.4	338	1.4	0.11	2.63		65.9	8	57	4.04	26	4.9	2.5	1.42	2.5	11.3	6.2	0.5	0.4	0.9		1.98	32	48	0.4	1.39	599		1.4	2.2	33.2	22	0.066	6	8.6	80.6	0.001	0.37	0.4	9	0.4	7.2	2	112		0.9		11.6	0.381	0.45	0.4	2.6	62	0.8	25.2	2.5	44	29
